50
12
Soda 2 3 4 5 6 7 8 9 10 11 12 13 14 15 16 17 18 19 20 21 22 23 24 25 26 27 28 29 30 31 32 33 34 35 36 37 38 39 40 41 42 43 44 45 46 47 48 49 50 
2 3 4 5 6 7 8 9 10 11 
Soda
x 15.4277272964 13.7273463027 18.679010357 13.272748512 18.6546405697 12.8907604029 13.4937908717 19.0429874229 16.7158063741 16.4223373645 18.7362777516 11.2243430697 19.4594277118 10.7947575275 19.8866290359 19.1719513541 x 11.464294338 19.2738880023 13.9754979754 11.3783640191 12.920468806 14.5589324519 17.2850305126 11.9405235725 19.2693972977 15.3915763411 x 18.8013634519 17.3741329356 16.8150031111 19.5516434192 14.1060770781 19.142502585 15.4865004179 12.6331515702 x 10.9168579135 11.2700324004 17.7996706014 17.2939786295 18.1970794841 12.0360964087 x 10.8124294628 14.4892311411 13.4772394866 10.6227925991 13.8043214783 
16.4952883713 x 15.3056857675 14.0222146238 10.1856174156 13.4538683912 12.5670714144 17.3595259424 13.4779513598 17.8811988097 18.1568942301 16.3936554771 x 11.2589614764 17.7785127094 11.7576685958 18.9593751385 18.9294006979 12.1356871939 19.5382906118 14.6459248441 12.6054874543 15.1494892814 15.9380718786 15.128160097 x 15.0623537214 19.4724074792 10.1111883405 17.2568350135 x 19.4633631002 16.555614498 12.9734403493 10.8853708934 17.5122332814 x 12.2876773711 12.8503846101 12.5350621566 14.3170190383 13.530733378 12.853812361 15.7826840692 16.2173091476 17.7737077064 12.6784440873 18.5590560018 11.7852429599 10.6391669102 
12.4106667679 10.8233169221 x 11.4058168101 16.8751986582 10.0762124651 19.2462660358 14.0234256017 10.9416816776 17.8982727216 18.8388884615 15.9606143064 x 12.5880190386 17.6430368239 17.9778229299 19.9952525253 12.7699047135 10.2966595222 14.7252774712 13.5639124771 18.7072015753 x 12.7893200243 18.3046862517 x 10.1452044522 17.4145810857 17.9821632665 11.8978827397 11.0810337395 19.8465704883 11.6212595332 18.2628483771 14.7952762958 x 12.4113763536 11.1136497765 15.6673741313 17.5207596528 14.021654911 12.678392202 15.179350121 15.4899282818 18.9635711437 10.0278894303 18.1393956796 19.9238702145 14.6962429674 14.0195485469 
15.4548410723 18.282474606 18.8496863171 x 18.6518275914 14.5475707675 17.1203403349 19.2502149724 12.5074249323 13.2627967563 15.9337246891 17.598237285 x 16.681224364 13.5682461493 10.960084469 18.4634187093 19.517502239 19.808600268 17.4304209347 14.2392861714 11.3719425103 13.760924169 10.2258846545 12.2010381082 12.921646427 18.0391711726 14.7317070115 19.2604627957 17.7843816282 19.5196874139 11.2266861474 x 10.5049799847 14.4036932244 12.33913249 10.5918959615 14.9016110097 15.1498506854 19.1479956072 18.1360168732 11.989367893 16.1729754021 16.5923513933 14.1213090323 14.3244430854 15.3180889132 15.8087047581 16.8581587138 17.0150526283 
18.0592831216 16.1978681344 12.6845392896 16.2098290706 x 12.7022058488 12.8184464331 14.5527795981 17.4358695537 13.0087588445 16.4265561169 15.5392142696 17.1225070362 15.3166358813 19.3573841924 16.7615628574 19.4763194075 10.9949211978 18.2468141111 11.8309432594 15.1319614211 15.5495890701 18.658010621 15.5603585388 18.021183941 15.6388910375 16.148091392 10.0041464462 19.9840792948 16.1396083373 17.835233557 15.5534123468 x 11.0776449114 10.9240998452 15.6025955323 14.8107327851 10.523884821 13.4975500194 13.7884330367 19.0084102306 13.6064871523 x 17.8837430601 16.4827657062 19.5548793391 18.605353125 15.148750614 14.4943666714 19.5060275922 
19.6043973896 16.3910282634 11.6923627392 17.5285499505 11.0077577736 x 15.7566281955 17.1783892034 12.0794834599 10.1756671594 19.1440000878 11.3195871775 16.2925392298 15.9772455728 16.907827372 17.1977780964 17.3583707415 13.261703035 11.494635599 16.0058376856 11.1286871919 11.0396063936 13.7936145195 13.0716828087 13.9175350008 14.0851101607 15.6734888711 x 15.2389996875 17.3889156257 19.7492942395 15.1627015259 16.6762606241 10.4337714977 x 12.0541687505 14.1920102096 x 15.7679139651 x 10.92485545 11.827932955 13.6027585888 16.312107693 x 11.0830290438 11.582722537 17.3681756684 19.6608172838 18.9746309205 
12.769644041 13.3180477502 17.9382104182 10.2432673513 14.0947052602 15.8306469305 x 14.8587646127 12.3143714579 14.2589145827 19.5247000149 12.8534244758 16.7336521935 17.7725405138 11.2234648136 15.7720127768 11.0308117615 15.3417365258 17.0770943272 19.6435038821 16.2479770002 x x 19.8662263869 12.4417238512 15.9643149597 15.3723589169 17.0229794942 15.1050161719 16.8586066014 12.6658467435 17.4865171549 17.9676819332 18.8280760806 13.420677289 12.9490271325 16.8229030851 10.4735913743 16.2727540913 19.261438387 10.1583231175 19.2031472647 x 11.997347074 x 11.558249524 15.1626672408 14.1281763975 19.481847142 13.4557516797 
17.9916104067 19.2058315992 10.1658674441 13.8181006106 11.0252487415 10.5510288595 12.8578595947 x 12.7681841366 10.6625496892 17.1432229609 19.4956507704 19.9500081826 13.8472962897 16.053026643 19.5061570622 14.9344714624 13.8315623677 16.8432012462 12.8926937317 14.3737082633 11.8068507171 16.101629224 12.8498480528 13.9600940505 12.5667138196 11.3209379038 10.8292374475 12.8756601816 15.3903436762 19.4547935435 17.790020552 11.8069929007 18.3860703575 18.7130987819 13.9844488281 12.4180653475 x 14.4890554693 17.5051375868 17.7250077502 11.1712463268 19.0934780702 10.7214982316 15.9764188218 16.3384073789 15.2943156832 11.1495764758 15.6799657611 13.8031064186 
16.7057335494 10.7109983127 15.1668830169 10.3744158418 19.614020338 18.1877569527 11.78488461 10.8140591748 x 18.7601034395 14.0543590829 16.7119755811 12.455589258 x 17.5520186393 14.7531838796 18.4566675255 17.9349454416 10.1956301628 17.9779789812 18.6856325037 15.7871599328 13.9045242301 14.258406122 15.2011784971 18.5976122316 x 19.5717728131 13.6667071003 10.2852610936 10.8795555976 11.8730434964 17.3359838546 15.1340816962 19.4006286163 16.3633366413 19.7960564822 10.1310359284 13.3882074161 13.4969574563 x 11.8930132617 14.0332236605 19.2414517052 10.9642063247 16.9898005921 18.5812963865 10.5627363423 15.1194218331 10.6291106276 
17.8386173038 15.677462597 19.0774713372 15.9261681709 12.8058891754 14.6113357709 18.7813667607 10.2930574 10.4069619216 x 17.759022745 19.0337390738 10.2205701569 10.3785871379 17.3269878154 14.7748741036 19.3493743626 17.5171259345 10.7707573358 15.9878929685 15.4383877959 x 18.1296238576 10.8237349742 17.0979193609 19.7357011393 16.4284447125 19.2699625997 15.3635273413 10.7795554927 17.2771510713 17.6598378257 15.3422238114 15.0442826547 11.0352325587 10.9310426761 18.109044333 13.6308913809 11.6097483527 10.3421668398 12.3686323131 x x 17.7601113581 13.768423958 11.5942588116 19.3658171089 12.1067349646 15.2027069763 13.3945296369 
13.0636368779 14.7005195668 15.8537728927 11.9913599646 13.5720896774 11.9373491103 10.9254460836 11.3595626842 15.2295804553 19.7717931343 x x 10.4517575454 12.4454706543 10.6792638969 18.2177020698 18.6089181272 10.0311087614 10.1312347763 19.1045609714 17.7130933371 10.1382569168 14.2493648957 19.8978945378 17.2930627666 13.4291356085 10.2107671155 14.6784470866 16.9046252144 15.0828377945 13.7759227263 19.2988132702 19.3650639282 x 19.604285425 19.9204774542 11.964185958 13.8503152317 18.5828417189 12.6724654904 12.8534713506 11.9589390612 10.3662500955 17.2302876874 16.3186107286 16.6031640916 10.3418137981 14.364241782 17.998858015 14.1482627005 
19.3091449303 19.2071149561 15.9538079466 17.2428377506 18.0051322178 16.1707621894 10.1575622167 14.5102114167 16.2211713285 19.2015504523 x x 18.2328337341 12.1682158767 16.2770277558 10.7991292709 19.5021265608 10.5904189734 15.8208315304 17.6247708417 19.895775415 15.8529339683 17.6141938672 17.3313361873 13.9716262523 19.8303290136 10.1687267538 x 11.0928265346 13.3076060863 11.978342489 15.4933024148 11.7490518629 x 12.3916817295 14.1018651113 18.7186673933 14.3816664663 15.848060868 x 19.2692973732 12.7485872511 17.0607910542 10.4722633249 12.3793779844 14.680390008 18.1016307603 10.8179491423 11.5504698122 13.3067470105 
10.4210990611 x x x 14.2636503577 19.2671034832 12.6507025418 12.1599310859 12.7508002109 14.5951040661 13.1372728771 10.9681690674 x 17.4483908302 15.0915176404 17.850197749 12.1835416584 13.3666243136 12.6347960036 15.5359902852 13.7585545396 12.3013744044 11.2164987163 x 11.1042591393 19.089630433 19.2146382647 15.3120367405 x 19.9993226476 18.5582900035 17.1396565178 16.9354451983 10.1555486027 15.5331409806 16.032145423 19.3379825386 18.0560130234 17.8636952554 11.513464475 15.4604081905 14.5268802339 13.923032892 11.6509281264 15.9184207576 13.0596906371 17.2123219294 x 11.7357711234 15.659824315 
12.6558626827 11.4436310901 11.1247029185 11.9241180682 16.4110929019 14.1515387009 15.7888681393 17.6607375238 x 16.8276827491 18.868998584 19.2473718503 15.7155654919 x 14.2510093955 x 19.9250710276 13.6742762421 19.0134400898 18.5164981744 12.7834566998 11.0661242297 11.3353683233 15.4321857898 15.3831699518 19.7390583983 10.0492106798 18.7678130408 10.8924339221 10.8437457296 18.640274525 13.1669155927 19.2566901712 11.9744023705 14.413610286 12.1319485782 11.068263648 14.8722344851 11.7147364878 19.1361130147 16.335645761 10.916525253 17.1609737108 15.1052769042 17.3598708273 x 15.1696337648 14.6591237994 18.653427753 x 
16.5453112109 12.7973766594 16.1388600266 18.7963272573 11.0134246361 18.0312899117 19.6323288855 10.3929766367 10.209447349 12.5623575805 16.1534177863 16.8319903247 18.5124816803 11.3508267064 x 12.2101618611 13.9144733864 13.0487005309 15.6898525526 13.7252016832 11.3096435038 15.6352541834 18.2539609202 14.3757795294 12.5259915528 13.0745457094 15.1151003149 18.2233037962 10.915502939 18.4289289255 16.5349387607 14.7019309459 18.7939282689 10.0071715727 15.141750927 15.7015930352 15.824556999 11.9181058232 11.9746778319 11.666646862 16.6337014257 13.5391001472 x 15.3178664735 17.6178134219 12.6407197442 12.1401006636 10.0180499305 x 18.3046717228 
14.3804856567 19.9452154865 16.7156427123 14.1299319953 11.3510417863 16.8528728614 16.4440035282 18.8794439866 14.9511820382 16.0999661837 12.536660563 16.2681360005 17.106869022 x 16.7160084203 x x x 10.1420074883 16.8936113121 11.917351722 x 11.8683193538 13.1736200605 14.7400096691 17.9296644693 18.2710778592 18.425186065 10.1550660689 15.2805798039 11.3037129481 18.6183650885 x 18.5872615107 17.2370711787 x 10.7197142834 11.275777163 15.1177168282 17.5110709483 13.3964081012 13.2766282027 17.3770273701 18.7111316908 x 13.2252333355 17.8235165713 x 17.2076199832 12.249056531 
11.1747220633 19.0739928447 10.1752633817 10.8748397406 19.0317056356 18.0690568073 13.5007380876 19.515491709 17.1253320617 12.7330799037 15.6593782132 15.9232720584 11.0632989581 18.2426323996 12.1865155418 x x 12.1486234253 19.9267178534 15.4572183835 13.3413645614 12.5852337959 11.3154689596 12.4534584295 14.209062797 14.4905786037 18.5820821886 14.137016872 13.0670487151 14.1448621643 10.7540443806 18.2096282264 10.5217148224 15.7868642559 x 13.7267299441 13.6275858534 14.3048187515 19.3295119797 13.3757901804 16.0500493991 16.1494836852 18.1767287804 15.7977754444 13.1845744506 11.3121612535 x 18.7684722514 16.0461278589 12.8068036917 
x 11.7370868498 10.5458521215 15.7702600143 11.8027817545 14.9196256333 16.3722026274 17.8691643737 15.2935321052 15.7654681133 17.9019238706 11.9286174414 19.4387372996 15.4963782982 13.0351381801 x 14.7953451442 x 18.2563175801 14.9010428798 19.1819488203 12.7529602874 19.0171393327 16.3931489708 10.6348457428 11.3833421263 13.6804971478 18.0829282657 14.6163271009 18.9494767632 11.6420626714 12.4852412818 15.2527062831 13.8039173899 14.4551193233 12.5076742866 10.3147657844 11.0560883254 17.8287616244 19.5418442518 17.1037617445 14.3222675763 x 18.2734395944 17.8017485551 19.7544560291 x 19.8635387597 19.3864935424 15.1141192903 
13.0554570798 18.9143659819 11.5375500217 12.7076918456 16.7249237549 15.6400632275 14.5987291469 10.152591764 15.8058697962 16.2724070438 18.5598244021 11.0463620213 16.7647839063 15.8501458291 13.1591136079 19.263235869 17.6336238673 16.982331174 x 15.001643267 18.8584805405 x 17.9028684835 13.4372353372 17.873984884 10.0481499264 16.2067993834 18.0228158361 14.3562775365 12.6788261406 11.118689483 19.3567482229 x 19.2027983825 13.7358683489 18.9273012326 19.7414549067 17.3850657358 16.7734359083 18.7775224462 10.8087784613 12.9067445391 17.2774284326 11.7929897635 11.1388564906 17.6857356887 11.5989248336 13.1152721114 10.7282909391 17.8306522423 
10.1218273663 10.9708088193 17.6598098429 19.8460315086 11.4920711473 19.4835621513 19.7417043827 14.6497441456 10.6238808718 15.8373302363 12.4440483043 19.6629328419 17.8048373677 12.094402247 12.0079913906 13.4031771025 11.2085983622 11.2676870296 17.7335314612 x 15.8163433368 18.4476650341 17.5524042271 x 19.1827690122 10.5886235539 19.058302281 13.7329404365 14.1050815955 14.4272237785 18.1585707095 19.9473472123 x 19.2996007214 11.2294022797 19.5128933206 x 10.5030865738 11.0579701391 13.5025496012 13.4097338375 19.8083111821 18.4843792848 17.3640301424 12.8726935677 16.7271706456 15.5863265189 14.3301757939 18.0541955469 19.0926970421 
18.526539702 17.628553148 19.2365449531 14.8707225506 19.959164189 19.4583539254 12.5365466819 13.1886050822 13.7553626106 10.1949114522 10.1667484446 17.4845194467 13.6601736499 12.3180013273 10.8596542243 16.5990684554 17.8514485456 13.8950290685 14.4851566694 12.38091093 x 10.754715296 19.7200897812 14.4015019412 12.1468438346 13.7822472418 14.9592000079 13.910507097 10.1504081644 17.3581641652 19.4387774539 13.0294225578 11.5636739824 15.7758694642 16.2346361638 12.7038364165 11.7012110071 11.5662918695 19.2601188306 10.5610441947 10.079270253 19.1659018737 14.2839283827 11.7808548066 15.9647697979 15.7075127344 19.6182256809 19.0543137126 13.7944495414 18.1424060987 
16.2347260237 15.6443247466 19.1912200184 16.53871377 14.0256685507 19.9146026414 x 19.6172319291 16.6669812126 x 17.3140206046 16.2107282228 15.9437910981 13.8103611596 15.1153902701 x 14.4510163586 11.7011834728 x 18.9289603193 18.5817924879 x 10.8732334959 12.3275169804 16.5065737307 16.9192739465 10.0916395908 18.3532779258 19.8056629067 11.8187562701 13.6234115574 18.6825323382 12.7261967134 18.3301885473 14.8392240275 11.1258519606 11.3077056156 12.5883374561 10.0063781384 14.6620312025 15.1767898241 10.3312479923 16.5416465108 x 16.7591417431 16.3503401525 18.404395084 18.8332643085 17.0567384277 18.9210401405 
15.6392043499 15.2453857272 x 17.7569984435 13.2796484765 15.2404818758 x 15.032309828 11.771423413 19.6815358301 18.1609256406 10.3476954692 11.996659066 13.9808326987 18.969979568 15.8512205394 12.4061552941 18.4149356724 13.7103214543 10.129042379 10.6122704284 13.2505306235 x 19.1272640579 x 16.8438767753 18.0481892947 16.2447115357 10.5798625386 12.2729395226 18.9160213475 16.91213403 x 17.8167352946 12.8672034267 16.7227021201 18.5979739374 11.0460890348 15.9929643985 11.0213948324 18.680719384 x 16.7460867115 11.771007978 16.1154532544 11.3485778137 18.9983591346 17.9212215977 18.2678553402 17.4634469793 
17.7757313375 10.4158154862 11.5820665711 12.1293959248 16.161262492 19.3813043661 11.29777912 10.8261641616 13.5785951326 15.4874110589 12.6495828664 12.0735555256 x 17.1386227979 17.7346851253 17.5283280763 19.1481404905 13.2384623932 15.4621639118 x 10.6711602869 13.3085788195 12.1753040681 x x 10.8840999607 19.3185229461 11.6016281646 18.1654768794 11.3309655203 19.2655755757 19.6574941556 18.032290184 11.4134296474 12.4578702595 19.4750163511 15.3147349254 17.0941804504 13.3786110015 17.8125404391 17.552141928 14.2078920941 19.1603564078 18.1971733563 19.8636122102 10.1148284908 18.5653001592 11.5178851231 19.3099020587 18.4681403576 
16.4864703191 14.7442464679 12.9572644535 10.8341255456 13.0360599814 16.1929772764 19.7987954488 17.8746546113 11.7518581832 19.8800768889 16.1476115495 18.0405870709 18.2957853207 16.6797764656 19.3839092322 11.563906059 12.1570602894 12.1527260483 15.4173188835 10.9716633112 15.800445819 15.1288397114 x x x 15.2541225158 11.3653101146 15.6100894514 15.2577747193 x 12.1082838754 17.7399454435 14.8403019213 16.2508637114 16.4456188134 19.155355832 15.8699058829 17.2258511989 14.6702140179 14.9479798202 13.8577576686 16.1765905068 19.9085333976 15.8981832514 17.3287755428 15.5275859987 x x 10.0451989318 14.5976909676 
19.3454342645 x x 16.8733602002 14.3153216865 18.724724802 17.5705718911 17.7740866515 13.8621615216 18.9605717328 16.0451998651 16.2808885903 14.1240233688 16.8783516692 18.3642407464 11.5796787165 16.7304334992 11.2940894823 13.0479378467 18.625677661 16.8559578776 18.2411231254 12.8134375561 11.9224426395 11.2534404985 x 18.7695534393 x 17.6728982398 10.9882361801 x 13.5104010261 x 13.6153032288 12.9198430108 14.8203567527 16.9958486649 18.153476913 19.482467914 12.858947094 14.6780737127 18.9411040717 15.2086384726 x 13.7028592107 13.3962108909 18.8808087017 18.3989980844 x 18.3977150763 
15.3336786936 17.1523440124 15.9602533007 13.5014723733 10.0242234806 11.9046768996 18.4809563465 18.0494087081 x 19.7396801322 10.5336576568 11.6886858982 12.467535107 11.4223693268 12.3143037975 14.9676577828 15.8679659262 14.6980036539 19.5909209634 14.6775932333 13.9663084444 12.1426029574 18.1705101257 19.3180087408 13.6065663905 13.2101163594 x 16.3648142673 11.9195428925 x 10.9916240214 17.6493619133 13.5056723558 12.2120133879 x 12.5933310095 10.0489280315 17.2105527024 17.5118980773 13.7716892377 16.6096241466 16.0091630539 12.6679191949 13.9632881915 15.1233766704 18.444994309 17.392928107 13.5019080432 x 19.0287447965 
11.4255679054 19.6631248878 12.963412205 15.5842319572 15.5672714894 x 11.7204294166 13.7998608575 18.4789882602 11.7970506245 12.5318073009 x 12.4862250042 18.4765759737 13.1772334602 19.4906938285 16.773107959 13.9031324914 14.7720139622 13.3047625468 18.3203521697 18.2164033261 16.0721554917 13.5242320978 17.6034821004 x 13.6057479622 x 13.2425125361 15.3593153047 15.2042914482 15.7518630353 x 10.8569652194 15.7512079853 17.9748014601 18.5433892944 12.4016722732 10.5417120255 12.9840836401 15.9172586785 10.0587877643 16.3093743131 17.8906990274 13.8301440592 10.017232755 11.9228770011 10.3680119258 15.4454186703 11.4640949514 
x 13.2787716685 14.5186924904 18.7485621598 17.0698716213 10.3945375808 18.8418576144 18.2269724377 19.0614204471 17.3948289547 16.2215116277 10.4887640295 x 12.2907462969 10.9975721892 12.1350895314 19.9821159127 18.748559426 10.7723952437 13.8709609339 11.4191993468 11.6645016417 12.0127515048 17.552670769 12.8212386983 18.1446778464 19.3333817626 11.1483435908 x 15.895815663 12.2747744344 15.0809946764 10.0679880665 19.6166960745 11.4552783148 15.113353097 15.5877248525 19.7002510838 17.2650006781 14.0472910078 17.7503214383 15.5074875462 18.7728257094 17.7635618274 13.2320366959 13.7522169021 16.3613831957 16.745939902 11.2869954691 13.9377519869 
14.3488797327 10.030324515 12.9558069434 14.8390691767 19.4001696716 16.0794850507 19.9014052486 17.9352933167 12.9339108705 18.5070288277 14.1906043944 10.5532560717 16.4680410642 11.5340566011 10.2249837392 15.8599172054 13.217563259 14.6258454471 15.6385275674 15.9211581687 19.4391651488 19.4547179403 19.9926749745 13.6007900867 x 19.2087226048 x 16.9071372644 10.8180512068 x 14.7392485486 15.9416886793 16.9000525107 12.1357485349 18.1170354503 14.2134023913 16.9591261144 x 19.6315197391 19.6515246871 14.3498754953 x 19.2142777328 17.9919808579 19.929609526 14.4456489188 10.7268915222 12.1871828924 17.7653455127 12.8667986371 
19.2534710651 x 17.9017276428 10.9818771547 16.7467164619 11.4078454552 13.2536021209 11.4689178144 10.2058881426 15.7207517505 17.1334315408 11.2450082601 12.5002902756 12.6521800496 12.6970374156 13.991340895 12.5941182458 10.9954536512 11.3170462485 14.4088651491 11.2813147256 13.630448387 19.1087918053 10.4027065346 11.3962348281 x 15.4893656643 11.8962693467 14.5245498934 18.4361314311 x 18.176943113 17.861891643 14.6437867947 17.6133405039 19.0134904681 11.2338882662 x 15.2920781445 18.6346679927 12.9306277869 x 13.8327308741 10.6558292143 15.2431832856 x 15.271867667 12.6234374579 17.5439118404 x 
16.6669501263 16.3904652808 12.1063863771 19.0639188671 11.5533505992 19.1306189722 12.5298196567 13.221967088 15.7910831047 16.8087059243 16.5958297598 15.3102069573 15.2956398327 17.0081437917 11.4652349991 14.7171063497 18.092488531 15.4379995817 11.6189257992 14.3621631682 19.7331885727 12.4551400301 11.8603319292 15.8779150804 12.8632431958 17.0645565179 13.7780165312 14.2022763109 10.8375383588 16.0157626668 12.4382436939 x 16.7873005547 18.9122244156 17.0448041361 10.241809557 11.766440348 x 12.972912583 13.417370079 17.9913311247 x x 18.4830934392 10.3357665095 17.6344974087 19.0890852273 13.8365524752 10.2222987108 10.5191573662 
19.5335412288 17.2668002357 15.6888626174 x x 13.7802675177 19.2290012844 10.952414923 16.6631500566 15.4551133448 14.4332470659 14.7955496494 14.8166709309 14.9344782252 12.4722225785 x 10.3605707166 19.190106549 x x 13.8393814967 17.6918998124 x 13.1108042611 16.3704255802 x 19.1247228796 x 15.6930124644 17.3026267285 15.7588489729 14.8134506249 x 16.0806716822 18.7995345164 11.7780076047 10.9805119348 18.4121949482 16.9685197596 18.6108556506 15.9399900044 12.2153154241 12.4721519718 10.4114852658 18.6128678498 17.0777461262 11.9882350564 10.1578873477 17.0441952323 10.3637294254 
17.6660943252 10.0110910729 18.4022801089 12.4894758529 19.7325543975 14.3944356013 13.8434648069 18.1235989843 16.3406584631 17.1690972198 x x 12.5412878541 18.4976715154 12.1804234987 14.5210022875 18.8487109135 15.7286368586 14.7012417932 15.6357645842 11.5576934373 18.365562389 15.7377878154 17.0245893064 18.3074586841 13.1843307998 18.3772454271 12.0454332063 16.4206063414 15.5891949918 18.7043374747 13.2470687391 18.9826886089 x x 13.7864895992 12.0572949637 12.9200806859 14.866328441 17.3803952937 12.6609321033 14.9967360791 19.7968883447 18.4529998342 15.1522647121 x 14.4213770555 10.9543954772 15.6423561246 14.5895340594 
15.4202293731 17.378174766 17.2924491578 19.9426897868 16.5274639508 x 19.5691696437 15.0048455403 10.6001446016 19.357101676 11.6839106923 15.9213551081 12.7244041486 12.4067045272 10.2479936745 14.3249600381 x 18.8013882626 14.9440456975 15.755636318 19.2436328479 16.608487359 12.1934120055 14.1709319655 10.4546334903 17.663142401 x 10.7849140874 17.8442402237 16.7085847582 16.1888604373 16.7250937908 10.4950511126 x x 15.2535615751 12.6477465076 13.6743811471 17.1747278363 19.4265687636 14.513597264 17.701162437 17.3967664962 19.1247360408 17.3760409996 x 11.0479936844 11.2289999092 11.9130436267 16.3949751039 
19.7817752302 13.9195751556 x 10.559711772 10.4106847288 13.658435485 13.0682031505 17.1130720629 10.6235696818 12.0389089613 10.6612716748 15.6182502638 16.5063854439 16.1465729829 18.3078046506 x 14.0763866569 19.2636663879 18.0616754726 14.1304079558 10.6468462576 15.0577065666 12.6655479255 13.3278421234 14.4141989873 11.9397706986 19.2114171301 12.2873241856 19.6312856723 12.6985041479 10.8875145812 10.196630242 17.0614052757 11.3781319224 16.1848951516 x 11.4270450659 14.799286358 16.1683439486 15.1673606697 11.108145639 16.0541283316 14.9914993923 12.717724379 13.6083694919 16.5476926049 16.6283250339 16.2268035381 17.9572665754 15.0809247115 
11.5350316748 x 19.8369474788 18.9864515609 14.9673621628 11.933582427 19.6542338919 13.7196591877 10.2705306144 18.6154476815 15.5225951378 18.9781263599 17.9703663437 15.0653962361 17.9494157079 17.9852579024 15.1791899669 13.6678372692 18.7411581385 x 16.6600682689 11.4870689326 12.5710246481 18.8674597045 18.135183299 17.1989226815 19.8505505299 13.3159195116 15.7269937862 19.1601949507 13.2265751915 12.8960279105 12.8279993309 15.6959604565 14.0380209839 10.1870981627 x 17.2797569033 10.989999864 16.8962860758 18.7014357818 12.5959835618 x 19.4883474182 17.3263710083 19.0068727765 17.705439979 14.2627291546 12.5590996889 18.6346983036 
x 18.2116600656 11.0368545662 10.8034606877 10.9384981193 x 19.22920697 x 10.6923440275 13.6367732592 10.9803724937 12.8767360198 15.9087647739 10.1656659675 18.04757977 10.7939515778 13.165655562 19.2546751915 15.62577886 13.4093826818 12.0651045323 13.4136074488 16.2907225588 13.6775743057 12.6574226909 19.8383945295 11.5765708178 14.8831637598 16.9205476234 x x x 19.0498308293 18.693938539 13.7070842267 11.304492511 12.6122240699 x 12.332800019 14.8400017267 15.9712427427 11.1149867328 15.5373607173 17.1469765131 14.3911396705 14.9204328826 19.1361588247 10.1054393861 10.0002954628 12.0971789955 
19.4511715719 11.7431571402 16.4666401766 12.0212774703 14.5588059176 13.6492180055 10.2884630401 14.5971065936 14.3633392219 18.0060976376 10.5825827256 13.1559628336 13.6814865491 17.4184438874 17.9685202384 15.7230026651 16.296186029 12.6749791476 17.8578884323 18.0120718778 11.7735757186 13.9633013603 10.7993973787 14.5903158477 16.2485443734 13.6689531594 10.4558881465 14.1262109332 19.1783181092 19.0212600593 13.132590624 12.520253086 10.1909054021 12.2756069268 13.9857203653 11.857228977 19.2752927339 12.5518992089 x 16.6860223917 18.8015010046 18.3162634995 16.9964931282 14.6169451301 11.8239394188 19.9747346157 11.3693564572 10.8524415999 16.5085773618 15.9591305083 
15.6264396031 13.9809536745 17.1033100279 10.047564873 14.9513454045 x 14.4716187237 10.0325164744 18.6196725314 13.0036150113 14.6220039083 x 13.4644375033 16.8265694351 12.4942158823 18.6173668795 16.5244796399 11.9652460953 10.0195645325 13.707358803 14.7355154319 19.754084458 12.3810791869 18.8306366829 17.7873113072 13.5082767597 12.3395935696 12.354564064 11.5265762389 15.7243295679 12.409337701 13.0488622401 12.6230829448 15.2635394162 12.8951055753 14.1263719411 16.9371548282 18.725140314 17.4288722604 x 13.4587709053 11.2367435098 15.6398704347 11.4510055667 18.34892937 10.6770046145 19.5678241621 16.3541922584 12.7724204059 x 
18.7178501283 19.9069329278 11.6682869616 14.2245006436 13.8850248887 17.389781767 18.5556571731 16.3126868118 x 18.7253356437 13.2451795364 11.6481695736 14.5267704919 11.4177712384 12.8151387262 10.9661746983 14.7985438032 10.1303956562 18.6608338679 19.9541233005 19.9132403691 16.962911336 12.8308916974 13.6266302504 16.7060102789 12.2125098966 18.9834580848 17.266062157 15.89637818 13.2174149181 18.6611662758 10.1521150843 18.3990366923 19.7687778868 17.5061452014 17.3966065906 14.2474179515 19.3124523607 16.7510057349 18.7960748859 x 16.8529448281 16.3790548953 11.7228118968 15.7293561172 12.8172049294 10.0922732565 19.5806705529 14.534811471 13.7953515295 
12.3382723857 14.0337633815 11.5459891153 13.2326606703 17.2508977115 18.5365813391 19.6504535077 17.5694406482 18.8453518588 x 17.2589419657 14.3816238233 11.6947483985 12.5655054459 13.178718511 12.1816114586 10.1574938829 19.481658866 13.5473879707 19.5981739006 10.8196102275 10.8997931286 x 14.5239391904 16.0708855463 13.7564093476 10.2055237021 13.5009512957 19.67706267 x x x 16.8915289859 15.019748736 17.6889944627 17.9537598751 19.2698122959 10.8563211954 10.9920310808 17.2793634786 10.8015167157 x 11.0029242138 14.0074193412 11.643428491 12.8421899461 13.7552475423 15.3468385238 x 10.4005620356 
10.3366808697 18.2871007669 14.9882940409 17.5336853166 x 16.365787588 x 19.7296223531 18.415900061 x 12.0113037192 10.1732953191 13.2509239425 14.3759076055 x 15.8629055532 10.1396046638 x 17.1751538442 14.9915985743 13.104171379 10.9297525108 10.6268952447 13.355478282 15.832451115 10.4730774564 15.6964888592 11.260112015 10.1450279515 15.3708848695 11.1075595509 x 16.3471692132 11.932114749 17.4603540129 13.921620857 x 16.7188902896 18.4321882644 16.4181135557 12.3260905151 10.105973316 x 13.7264354455 16.8657233272 x 15.0544728456 17.037035282 10.8326328565 16.3994724873 
15.4836502858 16.2921723717 17.8225694379 18.7836752529 11.7794049627 19.5871940957 12.4587880364 16.1687003108 18.9331774981 12.6662528962 11.9231886735 19.6594823313 19.042121274 16.9455739838 18.5768709037 12.2904272556 12.295437338 15.877379612 11.1635832523 10.2146892953 12.6113372472 x 16.8036760203 14.8252143834 19.3866788384 x 17.75055576 18.9635391344 16.3123651664 15.7793439245 15.6152875614 10.8786719614 12.4664892605 10.2449795399 17.2920772722 17.1660710639 19.5766056479 14.1933267721 19.6407836342 12.963406473 15.9079745387 10.1560454917 13.339286131 x 14.2096161805 16.410814477 15.9273696601 11.2894538475 18.1028484438 17.5771259904 
x 13.3879310937 12.9498495123 10.0059688382 11.9393505126 x x 13.9214618606 18.1013899391 18.910659996 10.4256364563 19.085530065 11.7823509819 17.8004350192 14.6821897089 x 17.7070715231 18.7682483468 14.903382932 18.3918981531 18.5317438413 18.0248196067 14.6768979339 11.1005056636 19.2504082161 12.2871753581 14.2545101672 15.9676784236 18.6349598118 13.5466194073 13.6534520178 15.8276200124 12.7960466113 19.8910110683 12.6721030859 17.2219223817 19.4126333978 10.7249407338 12.3991922906 10.2397108986 18.954679402 12.4193096738 13.871874975 19.9035628642 x 14.4282069179 17.1502216739 10.9335082314 14.92148475 19.7607587807 
19.5478475043 12.9254645096 17.8354731732 19.3313105998 16.9442821032 12.1409626303 11.7592958421 14.1212623719 17.9413743233 11.1031632457 11.7261134943 12.7973709147 15.3044019959 x 19.7841046046 16.2820697037 13.011206748 16.5493589243 17.1899885731 11.7351481706 13.4759854847 11.8525634399 15.1769672163 12.6984846157 17.9437304541 14.2628640068 19.3798122406 17.0206754945 12.8245466001 11.98797872 x 15.8586735491 13.3352534151 x x 17.7135865393 18.8473625532 17.7290530604 10.9264766799 15.8213261821 12.3278078268 10.4940205255 x 17.0800149697 12.8064333378 x 15.0099326165 14.8832341833 15.8073270297 14.3960601774 
17.6773859357 13.0551587179 13.2678787834 11.5952698747 16.39286615 12.6175740167 17.564737694 11.2378206873 10.2605774027 12.0067699023 15.9609947773 14.0715086409 13.8425303275 14.4511618119 17.6595148675 12.1637548446 x x 13.3460159837 13.4134636151 16.0227586718 12.3485026676 16.265658573 14.5527095444 x 16.7862609405 17.8853054105 13.3398345417 14.8571645021 18.3250946008 14.0575891974 17.5717800687 10.9844627157 12.3552448994 17.5997732556 11.990380993 14.9262082997 16.414024234 18.6528204009 19.5235081636 16.3662295298 13.0858638536 10.1845586613 14.9011606311 17.5600487969 11.2324315476 x 19.2026545733 19.3000184424 15.2682670385 
16.9539778401 10.9248241711 16.4773935528 14.2063116169 13.9334377189 10.1008553263 16.9790131042 15.243572966 18.8125335524 17.3116867322 18.171798291 17.3458304695 x 14.6136076076 12.4869937612 x 14.2101490744 17.5302522836 18.6465365985 19.0777496646 16.5775965138 12.9525843458 10.5967781405 10.3478146707 x 11.1259095106 17.4320241684 14.8249993816 11.3467784705 19.427839648 17.6669995634 16.1007877534 10.9262216498 10.8505780726 10.5777559487 12.8453070298 14.0000644759 11.8703523563 13.5806460254 11.8016990928 19.3509051619 19.8757328726 15.2221624919 12.8779802868 11.0715589781 17.4631099822 10.6220138272 x 19.0085989239 11.2892151716 
15.2395965921 10.4349584081 19.7849468144 17.0275259305 18.2073607817 16.8585730663 12.1101170338 16.4595944871 17.0582984637 11.5947315084 16.0695613137 13.4967973019 14.4948383341 15.7868113363 x 16.5791797534 12.7167551932 14.9619379293 11.0429889367 10.5797624031 14.9321133975 19.0881295654 17.5764040358 11.529440494 11.9144942151 x x 11.9022034691 14.3745072187 13.395088907 18.9804318614 19.586856612 17.1832175728 11.8041957342 18.7032041153 18.6769473005 15.8969129661 17.7075990827 18.9623492675 18.5131681996 10.6337339595 x 16.4746352625 15.9080887813 11.2190407534 19.2146224508 12.7301665356 18.7084584001 x 13.8974986009 
17.3689872622 12.2128404876 12.9534864364 13.5555857842 12.9014522699 16.9022983916 17.3448880422 14.6835567623 14.2116690087 17.5400506117 19.35730391 13.2242069361 11.6932811871 x 16.4942214071 16.2746629198 13.1737142261 12.2982954586 13.7150009312 15.0578432394 14.9498494467 18.6155701051 15.7904228748 17.2694786378 15.8614825925 14.4585613476 16.4296553332 15.6893401884 15.9283270033 15.3055490967 x 18.1000551644 18.4150330821 15.1064505447 11.1741113369 19.5395604581 11.6822529091 18.2325119613 18.9296952565 x 14.8848576312 18.0310146354 12.7818224837 12.5481981817 13.0548508794 17.9556601835 17.2754303987 17.5795612784 13.4745456605 x 
